0,273
0,270
3,1
3,3
<<<<<<< HEAD
10,245
10,27
10,217
10,107
10,197
10,207
10,261
10,135
11,8
9,7
9,5
8,4
8,14
2,2
2,1
2,3
=======
10,231
10,101
10,311
10,241
10,11
10,245
10,303
10,85
11,2
11,3
9,5
9,7
8,13
8,7
8,17
8,18
>>>>>>> 43-create-modal-box
31,3
31,2
31,1
28,5
28,4
28,3
28,2
28,1
28,0
24,3
24,2
24,1
24,0
20,3
20,2
20,1
19,3
19,2
19,1
18,3
18,1
12,3
12,2
12,1
11,30
11,29
11,28
11,27
11,26
11,25
11,24
11,23
11,22
11,21
11,20
11,19
11,18
11,17
11,16
11,15
11,14
11,13
<<<<<<< HEAD
11,12
11,11
11,10
11,7
11,5
11,3
11,2
11,1
10,294
10,164
10,128
10,110
=======
11,11
11,10
11,1
11,5
10,278
10,274
10,248
>>>>>>> 43-create-modal-box
