0,273
0,270
3,2
3,1
3,3
10,259
10,313
10,103
10,173
10,15
10,165
10,95
11,17
11,13
9,5
9,1
9,7
9,2
9,3
8,18
8,15
8,7
8,2
2,2
2,1
2,3
35,5
35,4
35,3
35,1
27,5
27,4
27,3
27,2
27,1
27,0
26,3
26,2
26,1
26,0
24,3
24,2
24,1
24,0
20,3
20,2
20,1
19,3
19,2
19,1
18,3
18,1
12,3
12,2
12,1
11,30
11,29
11,26
11,25
11,24
11,23
11,22
11,21
11,20
11,19
11,18
11,16
11,15
11,14
11,12
11,11
11,10
11,8
11,6
11,5
11,4
11,3
11,2
11,1
10,306
10,292
10,286
10,278
10,274
10,268
10,256
10,255
10,236
10,230
10,227
10,217
10,216
10,214
10,198
10,192
10,183
10,170
10,166
10,157
10,156
10,152
10,151
10,148
10,144
